# Sample convergence residuals (iteration, residual)
# normal X-Y no headers
1   1.0000e+00
2   6.5000e-01
3   4.2000e-01
4   2.7000e-01
5   1.7500e-01
6   1.1300e-01
7   7.3000e-02
8   4.7000e-02
9   3.0500e-02
10  1.9800e-02
11  1.2800e-02
12  8.3000e-03
13  5.4000e-03
14  3.5000e-03
15  2.2700e-03
16  1.4700e-03
17  9.5000e-04
18  6.1000e-04
19  3.9000e-04
20  2.5000e-04
21  1.6000e-04
22  1.0200e-04
23  6.5000e-05
24  4.1000e-05
25  2.6000e-05

# just data
residuals
1.0000e+00
6.5000e-01
4.2000e-01
2.7000e-01
1.7500e-01
1.1300e-01
7.3000e-02
4.7000e-02
3.0500e-02
1.9800e-02
1.2800e-02
8.3000e-03
5.4000e-03
3.5000e-03
2.2700e-03
1.4700e-03
9.5000e-04
6.1000e-04
3.9000e-04
2.5000e-04
1.6000e-04
1.0200e-04
6.5000e-05
4.1000e-05
2.6000e-05


# x, y1, y2, y3 and commas
time, value_a, value_b, value_c
1, 10, 15, 20
2, 12, 18, 22
3, 14, 21, 25
4, 16, 24, 28


# data ranging several magnitudes --> auto log
time_s, signal_A, signal_B, signal_C, error_estimate
0, 1.2, 5.0e2, 3.0e-1, 1.0
1, 2.5, 8.0e3, 6.5e-2, 5.0e-1
2, 5.0, 1.2e5, 1.5e-2, 2.0e-1
3, 1.0e1, 3.5e6, 4.0e-3, 1.0e-1
4, 2.0e1, 7.0e7, 1.0e-3, 5.0e-2
5, 5.0e1, 1.5e8, 2.5e-4, 2.0e-2
6, 1.0e2, 3.0e9, 6.0e-5, 1.0e-2
7, 2.5e2, 6.0e10, 1.5e-5, 5.0e-3
8, 5.0e2, 1.2e11, 4.0e-6, 2.0e-3
9, 1.0e3, 2.5e12, 1.0e-6, 1.0e-3
10, 2.0e3, 5.0e13, 2.5e-7, 5.0e-4
11, 5.0e3, 1.0e14, 6.0e-8, 2.0e-4
12, 1.0e4, 2.0e15, 1.5e-8, 1.0e-4
13, 2.5e4, 4.0e16, 4.0e-9, 5.0e-5
14, 5.0e4, 8.0e17, 1.0e-9, 2.0e-5
15, 1.0e5, 1.5e18, 2.5e-10, 1.0e-5
16, 2.0e5, 3.0e19, 6.0e-11, 5.0e-6
17, 5.0e5, 6.0e20, 1.5e-11, 1.0e-6
18, 1.0e6, 1.2e21, 4.0e-12, 1.0e-7
19, 2.0e6, 2.5e22, 1.0e-12, 1.0e-9
